Acier S235,70,133,133,173,255
Acier S335,60,54,53,53,255
Acier S22,70,133,133,173,255
Acier F65-R850,60,133,133,173,255
Acier F65-Rv550,50,133,133,173,255
Acier F65-Rv200,30,133,133,173,255
Acier Inox X5CrNi18-10,120,224,224,224,255
Polyamide 11,40,96,96,96,255
Nylon 6-6,200,96,96,96,255
PVC,320,96,96,96,255
Polycarbonate,200,224,224,224,255
PTFE,160,220,220,220,255
Bois de chataignier,6,102,56,0,255
Bois de chene,7.5,102,56,0,255
Noyer,9.5,102,56,0,255
Bois de Hetre,12,102,56,0,255
Epicea,5,102,56,0,255